0.998
0.933
0.877
0.832
0.812
0.793
0.771
0.752
0.736
0.736
0.749
0.753
0.772
0.786
0.795
0.518
0.372
0.347
0.338
0.335
0.279
0.213
0.221
0.25
0.255
0.231
0.196
0.178
0.169
0.177
0.19
0.215
0.269
0.386
0.485
0.639
1.891
1.912
1.87
1.803
1.756
1.727
1.7
1.691
1.695
1.724
1.761
1.816
1.828
0.089
0.049
0.033
0.026
0.011
0.007
0.0
0.0
0.0
0.0
0.0
0.0
0.0
0.0
0.0
1.0
0.933
0.874
0.839
0.814
0.795
0.774
0.754
0.737
0.735
0.746
0.751
0.762
0.382
0.321
0.265
0.231
0.192
0.172
0.158
0.088
0.158
0.216
0.245
0.217
0.198
0.196
0.169
0.199
0.157
0.145
0.218
0.269
0.298
0.33
0.42
0.752
1.848
1.868
1.808
1.76
1.726
1.705
1.692
1.702
1.723
1.762
1.82
1.748
0.076
0.044
0.034
0.024
0.012
0.008
0.0
0.0
0.0
0.0
0.0
0.0
0.0
0.0
0.0
1.003
0.932
0.884
0.841
0.816
0.791
0.772
0.755
0.738
0.735
0.747
0.76
0.404
0.648
0.418
0.325
0.285
0.252
0.235
0.219
0.215
0.211
0.216
0.257
0.287
0.265
0.229
0.221
0.213
0.21
0.222
0.234
0.272
0.322
0.401
0.597
1.83
1.89
1.869
1.809
1.762
1.726
1.703
1.694
1.699
1.723
1.765
1.822
1.764
0.076
0.045
0.032
0.024
0.013
0.006
0.0
0.0
0.0
0.0
0.0
0.0
0.0
0.001
0.0
1.0
0.941
0.882
0.834
0.819
0.796
0.772
0.753
0.736
0.735
0.746
0.75
0.735
0.587
0.383
0.312
0.276
0.246
0.231
0.218
0.212
0.209
0.213
0.252
0.277
0.269
0.247
0.231
0.222
0.214
0.222
0.234
0.264
0.304
0.376
1.523
1.856
1.911
1.868
1.809
1.76
1.732
1.709
1.694
1.701
1.727
1.77
1.825
1.738
0.075
0.042
0.032
0.023
0.011
0.005
0.0
0.0
0.0
0.0
0.0
0.0
0.0
0.0
0.0
1.0
0.932
0.881
0.84
0.816
0.794
0.772
0.755
0.737
0.736
0.747
0.754
0.735
0.585
0.376
0.315
0.271
0.242
0.228
0.218
0.211
0.212
0.216
0.234
0.262
0.285
0.327
0.393
0.482
0.495
0.501
0.552
0.551
0.537
0.624
1.725
1.89
1.908
1.868
1.807
1.76
1.728
1.703
1.695
1.697
1.722
1.767
1.816
1.819
0.081
0.045
0.032
0.024
0.015
0.006
0.0
0.0
0.0
0.0
0.0
0.0
0.0
0.002
0.0
